4294967279,335
4294967279,175
4294967278,171
4294967278,345
4294967279,534
4294967279,333
4294967279,297
4294967278,170
4294967279,330
4294967294,1084
4294967279,365
4294967278,166
4294967294,462
4294967294,468
4294967294,460
4294967278,160
4294967279,160
4294967294,1082
4294967279,159
4294967279,158
4294967278,432
195,6
4294967278,154
195,5
4294967279,154
195,4
195,3
195,2
195,1
4294967278,431
4294967279,153
4294967279,364
4294967279,0
4294967278,147
4294967278,146
4294967279,363
4294967278,430
4294967279,293
4294967279,271
192,6
192,5
192,4
192,3
192,2
192,1
4294967279,261
4294967294,22
4294967278,255
4294967294,108
4294967294,391
4294967294,118
4294967294,466
4294967279,332
4294967279,251
189,7
189,6
189,5
189,4
189,3
189,2
189,1
4294967279,362
4294967294,162
4294967279,361
4294967279,218
4294967278,429
4294967279,567
4294967279,213
4294967279,199
185,7
185,6
185,5
185,4
185,3
185,2
185,1
4294967294,437
4294967278,428
4294967294,6
4294967278,427
4294967278,179
4294967279,360
4294967278,426
181,5
181,4
181,3
181,2
181,1
180,5
180,4
180,3
180,2
180,1
4294967294,152
4294967279,527
179,6
4294967279,152
4294967278,371
4294967279,560
4294967278,149
4294967278,144
179,5
179,4
4294967278,145
179,3
179,2
179,1
4294967294,397
4294967294,111
4294967294,414
4294967294,109
4294967278,143
4294967278,142
4294967278,141
4294967278,140
177,4
177,3
177,2
177,1
4294967294,151
4294967278,275
176,4
176,3
176,2
176,1
4294967278,401
4294967278,282
4294967279,275
4294967279,292
4294967279,359
4294967278,281
4294967279,358
4294967294,1056
4294967279,357
4294967279,356
4294967279,355
4294967294,1423
4294967294,1422
4294967279,256
4294967293,131
4294967293,130
4294967293,129
4294967293,128
4294967293,127
4294967293,126
4294967293,125
4294967293,124
4294967293,123
4294967293,122
4294967293,121
4294967293,120
4294967293,119
4294967293,118
4294967293,117
4294967293,116
4294967293,115
4294967293,114
4294967293,113
4294967293,112
4294967293,111
4294967293,110
4294967293,109
4294967293,108
4294967293,107
4294967293,106
4294967293,105
4294967293,104
4294967293,103
4294967293,102
4294967293,101
4294967293,100
4294967293,99
4294967293,98
4294967293,97
4294967293,96
4294967293,95
4294967293,94
4294967293,93
4294967293,92
4294967293,91
4294967293,90
4294967293,89
4294967293,87
4294967293,86
4294967293,85
4294967293,84
4294967293,83
4294967293,82
4294967293,81
4294967293,80
4294967293,79
4294967293,78
4294967293,77
4294967293,76
4294967293,75
4294967293,74
4294967293,73
4294967293,72
4294967293,71
4294967293,70
4294967293,69
4294967293,68
4294967293,67
4294967293,66
4294967293,65
4294967293,64
4294967293,63
4294967293,62
4294967293,61
4294967293,60
4294967293,59
4294967293,58
4294967293,57
4294967293,56
4294967293,55
4294967293,54
4294967293,53
4294967293,52
4294967293,51
4294967293,50
4294967293,49
4294967293,48
4294967293,47
4294967293,46
4294967293,45
4294967293,44
4294967293,43
4294967293,42
4294967293,41
4294967293,40
4294967293,39
4294967293,38
4294967293,37
4294967293,36
4294967293,35
4294967293,34
4294967293,33
4294967293,32
4294967293,31
4294967293,30
4294967293,29
4294967293,28
4294967293,27
4294967293,26
4294967293,25
4294967293,24
4294967293,23
4294967293,22
4294967293,21
4294967293,20
4294967293,19
4294967293,18
4294967293,17
4294967293,16
4294967293,15
4294967293,14
4294967293,13
4294967293,12
4294967293,11
4294967293,10
4294967293,9
4294967293,8
4294967293,7
4294967293,6
4294967293,5
4294967293,4
4294967293,3
4294967278,400
4294967278,399
4294967278,320
4294967278,346
4294967278,28
4294967278,24
4294967278,22
4294967278,21
4294967278,20
4294967278,19
4294967278,18
4294967278,17
4294967278,13
4294967278,11
4294967278,10
4294967278,9
4294967278,8
4294967278,6
4294967278,5
4294967279,130
4294967279,129
4294967279,128
4294967279,127
4294967279,126
4294967279,125
4294967279,124
4294967279,123
4294967279,119
4294967279,118
4294967279,113
4294967279,111
4294967279,109
4294967279,108
4294967279,107
4294967279,106
4294967279,105
4294967279,104
4294967279,103
4294967279,99
4294967279,97
4294967279,95
4294967279,94
4294967279,93
4294967279,87
4294967279,85
4294967279,83
4294967279,82
4294967279,81
4294967279,80
4294967279,79
4294967279,78
4294967279,77
4294967279,76
4294967279,75
4294967279,74
4294967279,73
4294967279,72
4294967279,71
4294967279,70
4294967279,69
4294967279,68
4294967279,67
4294967279,66
4294967279,65
4294967279,64
4294967279,63
4294967279,62
4294967279,61
4294967279,60
4294967279,59
4294967279,58
4294967279,57
4294967279,56
4294967279,55
4294967279,54
4294967279,53
4294967279,52
4294967279,51
4294967279,50
4294967279,49
4294967279,48
4294967279,47
4294967279,46
4294967279,45
4294967279,44
4294967279,43
4294967279,42
4294967279,41
4294967279,40
4294967279,39
4294967279,38
4294967279,37
4294967279,36
4294967279,35
4294967279,34
4294967279,33
4294967279,32
4294967279,31
4294967279,30
4294967279,29
4294967279,28
4294967279,27
4294967279,255
4294967278,250
4294967294,463
4294967278,391
4294967279,122
4294967294,1081
4294967279,245
4294967279,354
4294967279,248
4294967278,425
4294967279,243
4294967279,117
4294967279,569
4294967278,237
4294967279,236
4294967279,234
4294967278,232
4294967279,232
175,6
4294967279,226
175,5
4294967278,224
175,4
4294967279,224
175,3
175,2
175,1
4294967279,331
4294967278,217
4294967279,278
4294967278,380
4294967279,216
4294967278,379
4294967279,566
4294967279,212
4294967278,210
4294967279,211
4294967278,209
4294967279,210
4294967279,201
4294967278,199
4294967279,200
4294967278,198
4294967279,195
172,6
172,5
172,4
172,2
172,1
4294967279,192
4294967278,424
4294967278,185
4294967278,184
4294967278,398
4294967278,377
4294967279,565
4294967278,173
4294967278,172
4294967279,353
169,7
169,6
169,5
169,4
169,2
169,1
4294967278,423
4294967279,562
4294967294,189
4294967278,296
4294967278,162
4294967278,156
4294967278,158
4294967278,157
4294967278,338
4294967278,153
4294967278,151
4294967278,148
4294967279,288
4294967279,575
4294967279,523
4294967279,558
4294967279,272
165,7
165,6
165,5
165,4
165,2
165,1
4294967278,422
4294967278,334
4294967279,352
4294967279,262
4294967279,351
4294967278,364
4294967294,464
4294967279,350
161,5
161,4
161,3
161,2
161,1
4294967278,238
160,5
160,4
160,3
160,2
160,1
4294967278,233
4294967278,230
4294967278,229
4294967278,227
159,6
4294967278,225
4294967278,421
4294967278,220
4294967278,218
159,5
159,4
159,2
159,1
4294967279,551
4294967279,317
4294967294,128
4294967279,550
157,4
157,3
157,2
157,1
4294967278,205
4294967279,206
4294967278,202
156,4
156,3
156,2
156,1
